2 10 2 12 12 12 12
65.870 60.840 58.325 55.810 55.810 53.295 53.295 50.780 48.265 48.265 48.265 48.265
48.265 53.295 55.810 58.325 58.325 60.840 60.840 63.355 65.870 65.870 65.870 65.870
65.870
65.870
63.355
63.355
60.840
58.325
58.325
55.810
53.295
53.295
50.780
50.780
48.265
48.265
50.780
50.780
53.295
55.810
55.810
58.325
60.840
60.840
63.355
63.355
2.400 2.400 2.515 2.515 5.030 7.545 7.545 10.060 12.575 12.575 14.090 14.090
5.030 5.030 2.515 2.515 2.400 2.515 2.515 5.030 7.545 7.545 10.060 10.060
7.545 7.545 5.030 5.030 2.515 2.400 2.400 2.515 5.030 5.030 7.545 7.545
10.060 10.060 7.545 7.545 5.030 2.515 2.515 2.400 2.515 2.515 5.030 5.030
10.060 10.060 7.545 7.545 5.030 2.515 2.515 2.400 2.515 2.515 5.030 5.030
12.575 12.575 10.060 10.060 7.545 5.030 5.030 2.515 2.400 2.400 2.515 2.515
12.575 12.575 10.060 10.060 7.545 5.030 5.030 2.515 2.400 2.400 2.515 2.515
16.605 16.605 14.090 14.090 12.575 10.060 10.060 7.545 5.030 5.030 2.515 2.515
16.605 16.605 14.090 14.090 12.575 10.060 10.060 7.545 5.030 5.030 2.515 2.515
16.605 16.605 14.090 14.090 12.575 10.060 10.060 7.545 5.030 5.030 2.515 2.515
16.605 16.605 14.090 14.090 12.575 10.060 10.060 7.545 5.030 5.030 2.515 2.515
14.090 14.090 12.575 12.575 10.060 7.545 7.545 5.030 2.515 2.515 2.400 2.400