2 8 2 10 10 10 10
65.870 63.355 63.355 60.840 58.325 55.810 55.810 55.810 55.810 53.295
48.265 50.780 50.780 53.295 55.810 58.325 58.325 58.325 58.325 60.840
65.870
63.355
60.840
60.840
58.325
58.325
58.325
55.810
50.780
48.265
48.265
50.780
53.295
53.295
55.810
55.810
55.810
58.325
63.355
65.870
2.400 2.515 5.030 5.030 7.545 7.545 7.545 10.060 16.605 14.090
2.515 2.400 2.515 2.515 5.030 5.030 5.030 7.545 14.090 12.575
2.515 2.400 2.515 2.515 5.030 5.030 5.030 7.545 14.090 12.575
5.030 2.515 2.400 2.400 2.515 2.515 2.515 5.030 12.575 10.060
7.545 5.030 2.515 2.515 2.400 2.400 2.400 2.515 10.060 7.545
10.060 7.545 5.030 5.030 2.515 2.515 2.515 2.400 7.545 5.030
10.060 7.545 5.030 5.030 2.515 2.515 2.515 2.400 7.545 5.030
10.060 7.545 5.030 5.030 2.515 2.515 2.515 2.400 7.545 5.030
10.060 7.545 5.030 5.030 2.515 2.515 2.515 2.400 7.545 5.030
12.575 10.060 7.545 7.545 5.030 5.030 5.030 2.515 5.030 2.515