2 13 3 16 16 16 16
65.870 65.870 63.355 63.355 63.355 60.840 60.840 60.840 60.840 58.325 55.810 53.295 50.780 50.780 48.265 48.265
48.265 48.265 50.780 50.780 50.780 53.295 53.295 53.295 53.295 55.810 58.325 60.840 63.355 63.355 65.870 65.870
65.870
65.870
63.355
58.325
58.325
55.810
55.810
55.810
55.810
53.295
53.295
53.295
50.780
50.780
48.265
48.265
48.265
48.265
50.780
55.810
55.810
58.325
58.325
58.325
58.325
60.840
60.840
60.840
63.355
63.355
65.870
65.870
2.400 2.400 2.515 7.545 7.545 10.060 10.060 10.060 10.060 12.575 12.575 12.575 14.090 14.090 16.605 16.605
2.400 2.400 2.515 7.545 7.545 10.060 10.060 10.060 10.060 12.575 12.575 12.575 14.090 14.090 16.605 16.605
2.515 2.515 2.400 5.030 5.030 7.545 7.545 7.545 7.545 10.060 10.060 10.060 12.575 12.575 14.090 14.090
2.515 2.515 2.400 5.030 5.030 7.545 7.545 7.545 7.545 10.060 10.060 10.060 12.575 12.575 14.090 14.090
2.515 2.515 2.400 5.030 5.030 7.545 7.545 7.545 7.545 10.060 10.060 10.060 12.575 12.575 14.090 14.090
5.030 5.030 2.515 2.515 2.515 5.030 5.030 5.030 5.030 7.545 7.545 7.545 10.060 10.060 12.575 12.575
5.030 5.030 2.515 2.515 2.515 5.030 5.030 5.030 5.030 7.545 7.545 7.545 10.060 10.060 12.575 12.575
5.030 5.030 2.515 2.515 2.515 5.030 5.030 5.030 5.030 7.545 7.545 7.545 10.060 10.060 12.575 12.575
5.030 5.030 2.515 2.515 2.515 5.030 5.030 5.030 5.030 7.545 7.545 7.545 10.060 10.060 12.575 12.575
7.545 7.545 5.030 2.400 2.400 2.515 2.515 2.515 2.515 5.030 5.030 5.030 7.545 7.545 10.060 10.060
10.060 10.060 7.545 2.515 2.515 2.400 2.400 2.400 2.400 2.515 2.515 2.515 5.030 5.030 7.545 7.545
12.575 12.575 10.060 5.030 5.030 2.515 2.515 2.515 2.515 2.400 2.400 2.400 2.515 2.515 5.030 5.030
14.090 14.090 12.575 7.545 7.545 5.030 5.030 5.030 5.030 2.515 2.515 2.515 2.400 2.400 2.515 2.515
14.090 14.090 12.575 7.545 7.545 5.030 5.030 5.030 5.030 2.515 2.515 2.515 2.400 2.400 2.515 2.515
16.605 16.605 14.090 10.060 10.060 7.545 7.545 7.545 7.545 5.030 5.030 5.030 2.515 2.515 2.400 2.400
16.605 16.605 14.090 10.060 10.060 7.545 7.545 7.545 7.545 5.030 5.030 5.030 2.515 2.515 2.400 2.400