2 8 2 10 10 10 10
65.870 63.355 63.355 63.355 60.840 60.840 58.325 55.810 55.810 50.780
48.265 50.780 50.780 50.780 53.295 53.295 55.810 58.325 58.325 63.355
65.87
65.87
60.84
60.84
58.325
53.295
53.295
53.295
48.265
48.265
48.265
48.265
53.295
53.295
55.81
60.84
60.84
60.84
65.87
65.87
2.4 2.4 5.03 5.03 7.545 12.575 12.575 12.575 16.605 16.605
2.515 2.515 2.515 2.515 5.03 10.06 10.06 10.06 14.09 14.09
2.515 2.515 2.515 2.515 5.03 10.06 10.06 10.06 14.09 14.09
2.515 2.515 2.515 2.515 5.03 10.06 10.06 10.06 14.09 14.09
5.03 5.03 2.4 2.4 2.515 7.545 7.545 7.545 12.575 12.575
5.03 5.03 2.4 2.4 2.515 7.545 7.545 7.545 12.575 12.575
7.545 7.545 2.515 2.515 2.4 5.03 5.03 5.03 10.06 10.06
10.06 10.06 5.03 5.03 2.515 2.515 2.515 2.515 7.545 7.545
10.06 10.06 5.03 5.03 2.515 2.515 2.515 2.515 7.545 7.545
14.09 14.09 10.06 10.06 7.545 2.515 2.515 2.515 2.515 2.515