2 12 6
48
0 0 5
0 0 0
0 1 5
0 1 3
0 1 2
0 1 0
0 2 3
0 3 3 
0 4 3
0 4 2
0 4 1
0 5 5
0 5 4
0 5 3
0 6 5
0 6 1
0 6 0
0 7 4
0 7 3
0 7 2
0 7 1 
0 7 0
0 8 2
0 8 1
0 8 0 
0 9 5
0 10 5
0 10 4
0 11 3
0 11 0
1 0 5
1 1 5
1 1 3
1 1 0
1 2 3
1 3 3
1 5 5
1 6 5
1 6 0
1 7 2
1 7 1
1 7 0
1 8 1
1 8 0
1 9 5
1 10 5
1 10 4
1 11 0
46
0 0 1
0 0 2
0 0 3
0 0 4
0 1 1
0 1 4
0 2 0
0 2 1
0 2 2
0 2 4
0 2 5
0 3 0
0 3 1
0 3 2
0 3 4
0 3 5
0 4 0
0 4 4
0 4 5
0 5 0
0 5 1
0 5 2
0 6 2
0 6 3
0 6 4
0 7 5
0 8 3
0 8 4
0 8 5
0 9 0
0 9 1
0 9 2
0 9 3
0 9 4
0 10 0
0 10 1
0 10 2
0 10 3
0 11 1
0 11 2
0 11 4
0 11 5
1 4 3
1 5 3
1 6 1
1 7 3
4
35
38
45
41
36
16
7
16
21
26
37
30
1
4
34
10
28
42
44
25
46
27
2
36
40
12
8
11
20
31
2
12
17
22
9
