2 12 6
48
0 0 1
0 0 0
0 1 3
0 1 2
0 1 1
0 2 5
0 2 4
0 3 5
0 3 4
0 4 5
0 4 0
0 5 5
0 5 4
0 5 2
0 5 1
0 5 0
0 6 5
0 6 4
0 6 1
0 6 0
0 7 5
0 8 3
0 8 2
0 8 1
0 8 0
0 9 4
0 9 3
0 10 3
0 10 0
0 11 5
0 11 4
0 11 0
1 0 0 
1 1 2
1 1 1
1 2 5
1 3 5
1 4 5
1 5 5
1 5 0
1 6 5
1 6 1
1 6 0
1 7 5
1 8 1
1 8 0
1 10 0
1 11 0
54
0 0 2
0 0 3
0 0 4
0 0 5
0 1 0
0 1 4
0 1 5
0 2 0
0 2 1
0 2 2
0 2 3
0 3 0
0 3 1
0 3 2
0 3 3
0 4 1
0 4 2
0 4 3
0 4 4
0 5 3
0 6 2
0 6 3
0 7 0
0 7 1
0 7 2
0 7 3
0 7 4
0 8 4
0 8 5
0 9 0
0 9 1
0 9 2
0 9 5
0 10 1
0 10 2
0 10 4
0 10 5
0 11 1
0 11 2
0 11 3
1 0 1
1 1 3
1 2 4
1 3 4
1 4 0
1 5 1
1 5 2
1 5 4
1 6 4
1 8 2
1 9 3
1 9 4
1 10 3
1 11 4
4
34
39
43
46
36
8
4
15
20
28
38
11
21
29
2
35
45
12
6
5
24
32
36
7
41

